Time,1000.0,2000.0,3000.0,5000.0,7000.0,10000.0,12500.0,15000.0,17500.0,20000.0,22500.0,25000.0,30000.0,35000.0,40000.0,45000.0,50000.0,55000.0,60000.0,65000.0,70000.0,75000.0,77500.0,80000.0,82500.0,85000.0,87500.0,90000.0,92500.0,95000.0,97500.0,100000.0
standard_height,23.311224317527007,21.627366674328268,19.312405402539174,17.659952538528085,15.788845929720818,14.55200350500616,13.501714709781766,12.58483772014436,11.768573960438642,11.031162002595584,10.357375151717509,9.159028242671463,8.112900062019325,7.181568453172953,6.340204302290991,5.571434423209202,4.862596384290676,4.204157802769398,3.588751462706507,3.010558025783667,2.464895554945448,2.2030401123457213
2004-03-21 01:00:00,278.0820007324219,152.3048858642578,64.70204162597656,7.5298752784729,80.03069305419922,171.97764587402344,329.1111145019531,482.27899169921875,568.24951171875,578.93701171875,541.4165649414062,425.9217529296875,320.1978454589844,263.5215148925781,206.84518432617188,150.16885375976562,119.29013061523438,88.6540298461914,62.03472900390625,41.42538070678711,26.95623779296875,22.4868106842041
standard_height,23.311224317527007,21.627366674328268,19.312405402539174,17.659952538528085,15.788845929720818,14.55200350500616,13.501714709781766,12.58483772014436,11.768573960438642,11.031162002595584,10.357375151717509,9.159028242671463,8.112900062019325,7.181568453172953,6.340204302290991,5.571434423209202,4.862596384290676,4.204157802769398,3.588751462706507,3.010558025783667,2.464895554945448,2.2030401123457213,1.947937573358983
2004-03-21 02:00:00,238.52035522460938,117.02787017822266,41.9136962890625,9.493631362915039,90.57510375976562,171.6848907470703,313.5835876464844,482.1333312988281,596.4772338867188,615.6171264648438,576.2503662109375,455.6300354003906,332.6696472167969,240.0232391357422,193.2334442138672,146.4436492919922,111.90776824951172,80.54454803466797,56.62593460083008,42.688812255859375,28.751693725585938,24.785390853881836,22.07100486755371
standard_height,23.311224317527007,21.627366674328268,19.312405402539174,17.659952538528085,15.788845929720818,14.55200350500616,13.501714709781766,12.58483772014436,11.768573960438642,11.031162002595584,10.357375151717509,9.159028242671463,8.112900062019325,7.181568453172953,6.340204302290991,5.571434423209202,4.862596384290676,4.204157802769398,3.588751462706507,3.010558025783667,2.464895554945448,2.2030401123457213
2004-03-21 03:00:00,258.7640686035156,122.41536712646484,41.99872589111328,8.291752815246582,90.59039306640625,181.05209350585938,323.8309326171875,501.6553649902344,607.3823852539062,605.3016357421875,556.0823364257812,442.9530334472656,327.50408935546875,254.82749938964844,182.15090942382812,149.64649963378906,119.33381652832031,89.85903930664062,72.29598999023438,54.73293685913086,37.169883728027344,33.23346710205078
standard_height,23.311224317527007,21.627366674328268,19.312405402539174,17.659952538528085,15.788845929720818,14.55200350500616,13.501714709781766,12.58483772014436,11.768573960438642,11.031162002595584,10.357375151717509,9.159028242671463,8.112900062019325,7.181568453172953,6.340204302290991,5.571434423209202,4.862596384290676,4.204157802769398,3.588751462706507,3.010558025783667,2.464895554945448,2.2030401123457213,1.947937573358983
2004-03-21 04:00:00,235.24838256835938,104.1502685546875,34.50114440917969,11.413433074951172,100.30851745605469,177.83409118652344,293.94464111328125,445.0828857421875,552.632080078125,570.0027465820312,524.648193359375,410.1058654785156,292.3691101074219,207.03219604492188,158.12814331054688,128.3584442138672,100.02288818359375,74.89006042480469,54.81740188598633,40.30788040161133,30.814388275146484,27.435657501220703,24.78610610961914
standard_height,23.311224317527007,21.627366674328268,19.312405402539174,17.659952538528085,15.788845929720818,14.55200350500616,13.501714709781766,12.58483772014436,11.768573960438642,11.031162002595584,10.357375151717509,9.159028242671463,8.112900062019325,7.181568453172953,6.340204302290991,5.571434423209202,4.862596384290676,4.204157802769398,3.588751462706507,3.010558025783667,2.464895554945448,2.2030401123457213,1.947937573358983
2004-03-21 05:00:00,222.15147399902344,97.18489837646484,32.772361755371094,11.992003440856934,100.91230010986328,181.910888671875,291.54595947265625,438.88629150390625,539.556640625,558.5843505859375,517.6307983398438,405.5440673828125,291.45404052734375,207.6958770751953,159.49752807617188,129.30813598632812,101.7902603149414,77.91826629638672,58.605323791503906,46.79853439331055,34.99174499511719,31.195476531982422,28.066558837890625
standard_height,23.311224317527007,21.627366674328268,19.312405402539174,17.659952538528085,15.788845929720818,14.55200350500616,13.501714709781766,12.58483772014436,11.768573960438642,11.031162002595584,10.357375151717509,9.159028242671463,8.112900062019325,7.181568453172953,6.340204302290991,5.571434423209202,4.862596384290676,4.204157802769398,3.588751462706507,3.010558025783667,2.464895554945448,2.2030401123457213
2004-03-21 06:00:00,198.5277557373047,83.64201354980469,29.73077964782715,16.503150939941406,101.46500396728516,179.8663787841797,274.2029113769531,381.8039855957031,489.4050598144531,506.52105712890625,472.1139831542969,359.2729797363281,255.73883056640625,180.40208435058594,137.8320770263672,110.54180908203125,87.44142150878906,68.35384368896484,53.20320510864258,41.32868194580078,32.4624137878418,28.75965690612793
standard_height,23.311224317527007,21.627366674328268,19.312405402539174,17.659952538528085,15.788845929720818,14.55200350500616,13.501714709781766,12.58483772014436,11.768573960438642,11.031162002595584,10.357375151717509,9.159028242671463,8.112900062019325,7.181568453172953,6.340204302290991,5.571434423209202,4.862596384290676,4.204157802769398,3.588751462706507,3.010558025783667,2.464895554945448,2.2030401123457213,1.947937573358983,1.6992107001633152
2004-03-21 07:00:00,175.4965362548828,68.2765121459961,23.389848709106445,15.830079078674316,101.03868865966797,175.86915588378906,263.67938232421875,384.4925537109375,472.7197265625,507.16571044921875,485.8935546875,370.71978759765625,260.22601318359375,179.98072814941406,145.8175048828125,111.654296875,90.18460845947266,71.9246826171875,57.76640701293945,45.26344680786133,34.58311080932617,30.09624481201172,26.509443283081055,23.855188369750977
standard_height,23.311224317527007,21.627366674328268,19.312405402539174,17.659952538528085,15.788845929720818,14.55200350500616,13.501714709781766,12.58483772014436,11.768573960438642,11.031162002595584,10.357375151717509,9.159028242671463,8.112900062019325,7.181568453172953,6.340204302290991,5.571434423209202,4.862596384290676,4.204157802769398,3.588751462706507,3.010558025783667,2.464895554945448,2.2030401123457213,1.947937573358983
2004-03-21 08:00:00,194.19493103027344,85.02146911621094,34.441864013671875,23.53338050842285,100.49917602539062,179.40249633789062,265.77203369140625,377.1267395019531,450.29547119140625,476.0641174316406,433.0638427734375,347.0633239746094,241.06541442871094,163.85206604003906,121.93817901611328,96.9521484375,79.40869140625,65.28353881835938,53.902610778808594,43.1296272277832,33.12049865722656,29.664321899414062,26.208147048950195
standard_height,23.311224317527007,21.627366674328268,19.312405402539174,17.659952538528085,15.788845929720818,14.55200350500616,13.501714709781766,12.58483772014436,11.768573960438642,11.031162002595584,10.357375151717509,9.159028242671463,8.112900062019325,7.181568453172953,6.340204302290991,5.571434423209202,4.862596384290676,4.204157802769398,3.588751462706507,3.010558025783667,2.464895554945448,2.2030401123457213
2004-03-21 09:00:00,234.38265991210938,112.11308288574219,42.20123291015625,18.44697380065918,82.74723815917969,163.01321411132812,247.27005004882812,336.7981872558594,385.2349548339844,399.7908020019531,385.4073181152344,308.4313659667969,227.20950317382812,145.98764038085938,108.69538879394531,88.50252532958984,74.08311462402344,60.88394546508789,51.270938873291016,41.82536697387695,31.754037857055664,27.371387481689453
standard_height,23.311224317527007,21.627366674328268,19.312405402539174,17.659952538528085,15.788845929720818,14.55200350500616,13.501714709781766,12.58483772014436,11.768573960438642,11.031162002595584,10.357375151717509,9.159028242671463,8.112900062019325,7.181568453172953,6.340204302290991,5.571434423209202,4.862596384290676,4.204157802769398,3.588751462706507,3.010558025783667,2.464895554945448,2.2030401123457213
2004-03-21 10:00:00,213.7084197998047,112.87371063232422,42.23111343383789,25.577457427978516,80.29051971435547,165.3349609375,259.0855407714844,370.57318115234375,434.6136169433594,466.18157958984375,431.39532470703125,361.8227844238281,282.28839111328125,202.75399780273438,123.21961212158203,98.10784912109375,83.45138549804688,72.54483795166016,61.63829040527344,50.96151351928711,39.55913543701172,34.65740966796875
standard_height,23.311224317527007,21.627366674328268,19.312405402539174,17.659952538528085,15.788845929720818,14.55200350500616,13.501714709781766,12.58483772014436,11.768573960438642,11.031162002595584,10.357375151717509,9.159028242671463,8.112900062019325,7.181568453172953,6.340204302290991,5.571434423209202,4.862596384290676,4.204157802769398,3.588751462706507,3.010558025783667,2.464895554945448,2.2030401123457213,1.947937573358983
2004-03-21 11:00:00,227.83685302734375,128.17869567871094,42.87557601928711,21.464012145996094,67.11380004882812,146.0180206298828,235.12245178222656,337.7328796386719,387.99163818359375,400.1072692871094,388.0061950683594,310.63446044921875,217.7808074951172,148.43630981445312,109.15144348144531,87.98961639404297,75.43876647949219,65.7750015258789,58.11246109008789,49.20228958129883,38.63338088989258,34.10126876831055,30.29608154296875
standard_height,23.311224317527007,21.627366674328268,19.312405402539174,17.659952538528085,15.788845929720818,14.55200350500616,13.501714709781766,12.58483772014436,11.768573960438642,11.031162002595584,10.357375151717509,9.159028242671463,8.112900062019325,7.181568453172953,6.340204302290991,5.571434423209202,4.862596384290676,4.204157802769398,3.588751462706507,3.010558025783667,2.464895554945448,2.2030401123457213
2004-03-21 12:00:00,223.15640258789062,132.01869201660156,46.5050048828125,25.68393325805664,64.67507934570312,146.21987915039062,234.27655029296875,306.76470947265625,379.25286865234375,382.9886474609375,362.9085693359375,284.8242492675781,203.31265258789062,141.596923828125,104.4231185913086,82.92993927001953,69.5212173461914,60.481178283691406,55.1019287109375,46.79882049560547,38.49571228027344,34.43758010864258
standard_height,23.311224317527007,21.627366674328268,19.312405402539174,17.659952538528085,15.788845929720818,14.55200350500616,13.501714709781766,12.58483772014436,11.768573960438642,11.031162002595584,10.357375151717509,9.159028242671463,8.112900062019325,7.181568453172953,6.340204302290991,5.571434423209202,4.862596384290676,4.204157802769398,3.588751462706507,3.010558025783667,2.464895554945448,2.2030401123457213
2004-03-21 13:00:00,190.1006622314453,115.01831817626953,37.896484375,31.31028175354004,73.11100006103516,161.7171173095703,249.34646606445312,353.4971618652344,401.5149230957031,403.8940124511719,377.8192138671875,285.2057800292969,203.027099609375,142.84844970703125,106.0129165649414,83.43367767333984,70.33101654052734,61.71047592163086,57.313995361328125,49.613319396972656,41.91264343261719,38.01806640625
standard_height,23.311224317527007,21.627366674328268,19.312405402539174,17.659952538528085,15.788845929720818,14.55200350500616,13.501714709781766,12.58483772014436,11.768573960438642,11.031162002595584,10.357375151717509,9.159028242671463,8.112900062019325,7.181568453172953,6.340204302290991,5.571434423209202,4.862596384290676,4.204157802769398,3.588751462706507,3.010558025783667,2.464895554945448
2004-03-21 14:00:00,203.11367797851562,135.06173706054688,45.527122497558594,32.046749114990234,66.3889389038086,153.4170379638672,240.2429962158203,334.09735107421875,369.8160400390625,362.8935852050781,335.42730712890625,248.54934692382812,180.60537719726562,131.19610595703125,104.5745849609375,77.95305633544922,63.1348762512207,55.08988952636719,52.87032699584961,48.37718200683594,40.71449661254883
standard_height,23.311224317527007,21.627366674328268,19.312405402539174,17.659952538528085,15.788845929720818,14.55200350500616,13.501714709781766,12.58483772014436,11.768573960438642,11.031162002595584,10.357375151717509,9.159028242671463,8.112900062019325,7.181568453172953,6.340204302290991,5.571434423209202,4.862596384290676,4.204157802769398,3.588751462706507,3.010558025783667,2.464895554945448,2.2030401123457213
2004-03-21 15:00:00,177.9403533935547,121.59508514404297,37.21879959106445,33.58549499511719,76.49691009521484,167.55946350097656,261.39599609375,370.5556335449219,415.7659606933594,411.2540283203125,379.58184814453125,275.48828125,198.8797607421875,145.84214782714844,112.64002990722656,89.14085388183594,72.43897247314453,65.8677978515625,59.29662322998047,53.08991241455078,46.883201599121094,43.035587310791016
standard_height,23.311224317527007,21.627366674328268,19.312405402539174,17.659952538528085,15.788845929720818,14.55200350500616,13.501714709781766,12.58483772014436,11.768573960438642,11.031162002595584,10.357375151717509,9.159028242671463,8.112900062019325,7.181568453172953,6.340204302290991,5.571434423209202,4.862596384290676,4.204157802769398,3.588751462706507,3.010558025783667,2.464895554945448,2.2030401123457213,1.947937573358983,1.6992107001633152
2004-03-21 16:00:00,132.94012451171875,85.0487289428711,22.20907211303711,36.02717971801758,92.75614166259766,184.68199157714844,294.06072998046875,435.46142578125,507.6008605957031,508.4596862792969,463.23370361328125,324.4917907714844,227.6272735595703,167.10321044921875,131.2914276123047,106.4607925415039,89.12528228759766,76.55352783203125,70.24832153320312,63.943111419677734,56.02383041381836,51.43125915527344,46.66128921508789,42.20418930053711
standard_height,23.311224317527007,21.627366674328268,19.312405402539174,17.659952538528085,15.788845929720818,14.55200350500616,13.501714709781766,12.58483772014436,11.768573960438642,11.031162002595584,10.357375151717509,9.159028242671463,8.112900062019325,7.181568453172953,6.340204302290991,5.571434423209202,4.862596384290676,4.204157802769398,3.588751462706507,3.010558025783667,2.464895554945448,2.2030401123457213
2004-03-21 17:00:00,131.89280700683594,91.1729507446289,25.645816802978516,33.55864715576172,97.26338958740234,190.94703674316406,305.89874267578125,455.6649169921875,538.092529296875,509.97760009765625,481.8626403808594,345.3296203613281,243.7075653076172,192.90164184570312,142.09571838378906,116.32146453857422,95.54431915283203,80.15812683105469,71.54500579833984,66.05859375,58.20517349243164,53.66226577758789
standard_height,23.311224317527007,21.627366674328268,19.312405402539174,17.659952538528085,15.788845929720818,14.55200350500616,13.501714709781766,12.58483772014436,11.768573960438642,11.031162002595584,10.357375151717509,9.159028242671463,8.112900062019325,7.181568453172953,6.340204302290991,5.571434423209202,4.862596384290676,4.204157802769398,3.588751462706507,3.010558025783667,2.464895554945448,2.2030401123457213,1.947937573358983,1.6992107001633152,1.4565139962849931,1.2195301902939262,0.9879671974242984,0.7615554828072778,0.5400457639046174
2004-03-21 18:00:00,84.2944107055664,52.45793151855469,16.87339973449707,39.794578552246094,117.65288543701172,212.24459838867188,346.48614501953125,540.762451171875,654.4601440429688,650.1914672851562,582.1011962890625,414.4689636230469,283.00872802734375,207.6514892578125,162.37225341796875,132.26611328125,108.6637191772461,88.61447143554688,73.01806640625,66.18854522705078,59.11030578613281,54.60346984863281,50.09663391113281,45.749237060546875,42.12517547607422,39.12123107910156,35.860504150390625,30.778141021728516,25.695775985717773
standard_height,23.311224317527007,21.627366674328268,19.312405402539174,17.659952538528085,15.788845929720818,14.55200350500616,13.501714709781766,12.58483772014436,11.768573960438642,11.031162002595584,10.357375151717509,9.159028242671463,8.112900062019325,7.181568453172953,6.340204302290991,5.571434423209202,4.862596384290676,4.204157802769398,3.588751462706507,3.010558025783667,2.464895554945448,2.2030401123457213,1.947937573358983,1.6992107001633152,1.4565139962849931,1.2195301902939262
2004-03-21 19:00:00,91.78695678710938,69.21150207519531,24.296314239501953,37.45821762084961,123.52798461914062,223.71881103515625,357.398681640625,538.0932006835938,639.639892578125,626.5557250976562,558.4497680664062,397.9453125,273.18865966796875,199.45616149902344,155.42208862304688,126.38517761230469,103.47217559814453,83.24933624267578,71.24089813232422,65.99639129638672,58.064144134521484,53.27234649658203,48.86492919921875,44.45751190185547,40.59117126464844,37.009735107421875
standard_height,23.311224317527007,21.627366674328268,19.312405402539174,17.659952538528085,15.788845929720818,14.55200350500616,13.501714709781766,12.58483772014436,11.768573960438642,11.031162002595584,10.357375151717509,9.159028242671463,8.112900062019325,7.181568453172953,6.340204302290991,5.571434423209202,4.862596384290676,4.204157802769398,3.588751462706507,3.010558025783667,2.464895554945448,2.2030401123457213,1.947937573358983,1.6992107001633152,1.4565139962849931,1.2195301902939262,0.9879671974242984,0.7615554828072778
2004-03-21 20:00:00,77.89310455322266,54.82308578491211,22.02071189880371,39.11781692504883,138.83389282226562,240.66622924804688,392.603515625,618.6836547851562,740.8760375976562,725.7940063476562,647.5243530273438,463.4286804199219,314.6170959472656,227.12869262695312,184.65814208984375,142.1875762939453,115.70089721679688,92.14965057373047,75.44159698486328,67.08201599121094,58.72243881225586,53.783302307128906,49.26630783081055,45.53458786010742,42.557708740234375,39.58082580566406,36.603946685791016,31.119752883911133
standard_height,23.311224317527007,21.627366674328268,19.312405402539174,17.659952538528085,15.788845929720818,14.55200350500616,13.501714709781766,12.58483772014436,11.768573960438642,11.031162002595584,10.357375151717509,9.159028242671463,8.112900062019325,7.181568453172953,6.340204302290991,5.571434423209202,4.862596384290676,4.204157802769398,3.588751462706507,3.010558025783667,2.464895554945448,2.2030401123457213,1.947937573358983,1.6992107001633152,1.4565139962849931,1.2195301902939262
2004-03-21 21:00:00,88.27851867675781,69.20244598388672,27.80484390258789,38.69920349121094,144.5591583251953,253.49607849121094,392.4162292480469,568.7254028320312,646.0079345703125,615.19384765625,540.72216796875,390.7239685058594,269.7306213378906,195.12930297851562,157.21104431152344,119.29279327392578,95.1189956665039,75.70916748046875,64.53828430175781,58.27261734008789,50.10367202758789,45.60969161987305,41.520225524902344,37.430763244628906,34.48927688598633,31.93630599975586
standard_height,23.311224317527007,21.627366674328268,19.312405402539174,17.659952538528085,15.788845929720818,14.55200350500616,13.501714709781766,12.58483772014436,11.768573960438642,11.031162002595584,10.357375151717509,9.159028242671463,8.112900062019325,7.181568453172953,6.340204302290991,5.571434423209202,4.862596384290676,4.204157802769398,3.588751462706507,3.010558025783667,2.464895554945448,2.2030401123457213,1.947937573358983,1.6992107001633152,1.4565139962849931,1.2195301902939262,0.9879671974242984,0.7615554828072778,0.5400457639046174,0.3232070008045167
2004-03-21 22:00:00,84.99183654785156,59.21221160888672,26.738914489746094,41.76051712036133,160.34848022460938,266.7199401855469,429.0003662109375,663.333251953125,765.1793823242188,739.0385131835938,653.1281127929688,469.1457214355469,317.59600830078125,227.6913299560547,173.0779266357422,139.2073516845703,111.62739562988281,89.41873168945312,73.2318344116211,63.41291809082031,53.593997955322266,49.03956604003906,44.485137939453125,39.93070602416992,37.20195007324219,35.075714111328125,31.745107650756836,28.414501190185547,25.596492767333984,22.778486251831055
standard_height,23.311224317527007,21.627366674328268,19.312405402539174,17.659952538528085,15.788845929720818,14.55200350500616,13.501714709781766,12.58483772014436,11.768573960438642,11.031162002595584,10.357375151717509,9.159028242671463,8.112900062019325,7.181568453172953,6.340204302290991,5.571434423209202,4.862596384290676,4.204157802769398,3.588751462706507,3.010558025783667,2.464895554945448,2.2030401123457213,1.947937573358983,1.6992107001633152,1.4565139962849931,1.2195301902939262
2004-03-21 23:00:00,75.11571502685547,43.62989807128906,27.344961166381836,48.43159484863281,186.21546936035156,305.4270935058594,495.1529235839844,761.5556640625,874.5030517578125,837.634521484375,734.4654541015625,531.9735717773438,372.57989501953125,269.5869140625,199.37533569335938,152.97817993164062,119.70637512207031,96.71082305908203,79.68607330322266,66.89794921875,54.8504524230957,49.577301025390625,45.64159393310547,41.70588302612305,39.416053771972656,37.126224517822266
standard_height,23.311224317527007,21.627366674328268,19.312405402539174,17.659952538528085,15.788845929720818,14.55200350500616,13.501714709781766,12.58483772014436,11.768573960438642,11.031162002595584,10.357375151717509,9.159028242671463,8.112900062019325,7.181568453172953,6.340204302290991,5.571434423209202,4.862596384290676,4.204157802769398,3.588751462706507,3.010558025783667,2.464895554945448,2.2030401123457213,1.947937573358983,1.6992107001633152,1.4565139962849931,1.2195301902939262,0.9879671974242984,0.7615554828072778,0.5400457639046174,0.3232070008045167
2004-03-22 00:00:00,90.2396240234375,63.25088119506836,28.36115074157715,40.40309143066406,167.4448699951172,269.4306640625,430.0550537109375,660.2555541992188,755.2830200195312,735.7384033203125,646.9859619140625,455.1958312988281,308.4307861328125,219.99026489257812,167.19122314453125,133.69309997558594,109.27781677246094,89.79296875,73.45130920410156,61.156036376953125,48.86075973510742,43.932071685791016,40.20149230957031,37.34653091430664,35.503299713134766,33.66006851196289,32.34318542480469,30.119895935058594,27.896604537963867,25.673315048217773
standard_height,23.311224317527007,21.627366674328268,19.312405402539174,17.659952538528085,15.788845929720818,14.55200350500616,13.501714709781766,12.58483772014436,11.768573960438642,11.031162002595584,10.357375151717509,9.159028242671463,8.112900062019325,7.181568453172953,6.340204302290991,5.571434423209202,4.862596384290676,4.204157802769398,3.588751462706507,3.010558025783667,2.464895554945448,2.2030401123457213,1.947937573358983,1.6992107001633152,1.4565139962849931,1.2195301902939262
2004-03-22 01:00:00,101.52974700927734,72.09725189208984,33.279747009277344,41.53586959838867,168.32666015625,280.0484924316406,443.8178405761719,661.348876953125,745.2814331054688,717.1490478515625,627.765625,451.95025634765625,325.8515319824219,238.0347900390625,183.0098114013672,144.0968475341797,115.31924438476562,96.43952941894531,81.43363952636719,65.56226348876953,52.046539306640625,46.63167953491211,42.050209045410156,38.14111328125,34.838260650634766,32.67084884643555
standard_height,23.311224317527007,21.627366674328268,19.312405402539174,17.659952538528085,15.788845929720818,14.55200350500616,13.501714709781766,12.58483772014436,11.768573960438642,11.031162002595584,10.357375151717509,9.159028242671463,8.112900062019325,7.181568453172953,6.340204302290991,5.571434423209202,4.862596384290676,4.204157802769398,3.588751462706507,3.010558025783667,2.464895554945448,2.2030401123457213,1.947937573358983,1.6992107001633152,1.4565139962849931,1.2195301902939262,0.9879671974242984,0.7615554828072778,0.5400457639046174
2004-03-22 02:00:00,96.92115020751953,63.84800720214844,28.10120391845703,39.963809967041016,166.36001586914062,272.68658447265625,418.4186706542969,535.1512451171875,651.8838500976562,623.2141723632812,540.9317016601562,380.9383544921875,273.3575134277344,196.45587158203125,152.90267944335938,123.34107208251953,100.16986846923828,85.13715362548828,71.79911804199219,58.5825080871582,45.36589813232422,40.9537239074707,37.53400421142578,34.114280700683594,31.527027130126953,30.424972534179688,30.143421173095703,27.662899017333984,25.182376861572266
standard_height,23.311224317527007,21.627366674328268,19.312405402539174,17.659952538528085,15.788845929720818,14.55200350500616,13.501714709781766,12.58483772014436,11.768573960438642,11.031162002595584,10.357375151717509,9.159028242671463,8.112900062019325,7.181568453172953,6.340204302290991,5.571434423209202,4.862596384290676,4.204157802769398,3.588751462706507,3.010558025783667,2.464895554945448,2.2030401123457213,1.947937573358983,1.6992107001633152
2004-03-22 03:00:00,127.65147399902344,86.70071411132812,33.59828567504883,31.79337501525879,147.08485412597656,249.87242126464844,382.3142395019531,525.9445190429688,585.56787109375,581.9420166015625,522.2642822265625,371.35797119140625,271.21728515625,215.93548583984375,160.65370178222656,131.5143280029297,108.2349853515625,93.93804931640625,76.865478515625,59.79291534423828,47.098236083984375,43.443031311035156,39.78782653808594,36.13262176513672
standard_height,23.311224317527007,21.627366674328268,19.312405402539174,17.659952538528085,15.788845929720818,14.55200350500616,13.501714709781766,12.58483772014436,11.768573960438642,11.031162002595584,10.357375151717509,9.159028242671463,8.112900062019325,7.181568453172953,6.340204302290991,5.571434423209202,4.862596384290676,4.204157802769398,3.588751462706507,3.010558025783667,2.464895554945448,2.2030401123457213,1.947937573358983,1.6992107001633152,1.4565139962849931,1.2195301902939262
2004-03-22 04:00:00,123.88365936279297,71.4645004272461,28.38774871826172,35.362159729003906,152.30084228515625,264.6136474609375,407.23297119140625,556.8800659179688,605.4511108398438,592.0631713867188,529.3828735351562,374.0344543457031,293.513916015625,212.99337768554688,172.35836791992188,143.0242156982422,117.55357360839844,100.96990203857422,81.95454406738281,62.93918991088867,47.42367935180664,42.41429901123047,38.34595489501953,35.32740783691406,33.891719818115234,34.333740234375
standard_height,23.311224317527007,21.627366674328268,19.312405402539174,17.659952538528085,15.788845929720818,14.55200350500616,13.501714709781766,12.58483772014436,11.768573960438642,11.031162002595584,10.357375151717509,9.159028242671463,8.112900062019325,7.181568453172953,6.340204302290991,5.571434423209202,4.862596384290676,4.204157802769398,3.588751462706507,3.010558025783667,2.464895554945448,2.2030401123457213,1.947937573358983,1.6992107001633152,1.4565139962849931,1.2195301902939262,0.9879671974242984
2004-03-22 05:00:00,117.74713134765625,61.71669006347656,26.75373077392578,42.14339065551758,158.6882781982422,270.93798828125,411.0985107421875,539.8648071289062,571.24267578125,549.9923706054688,494.6173400878906,342.58746337890625,254.46173095703125,207.9669647216797,177.49110412597656,150.86587524414062,126.38177490234375,108.7423095703125,90.48654174804688,65.89173126220703,48.63209533691406,43.249752044677734,39.352420806884766,36.99561309814453,37.063392639160156,37.13117218017578,38.36956024169922
standard_height,23.311224317527007,21.627366674328268,19.312405402539174,17.659952538528085,15.788845929720818,14.55200350500616,13.501714709781766,12.58483772014436,11.768573960438642,11.031162002595584,10.357375151717509,9.159028242671463,8.112900062019325,7.181568453172953,6.340204302290991,5.571434423209202,4.862596384290676,4.204157802769398,3.588751462706507,3.010558025783667,2.464895554945448
2004-03-22 06:00:00,136.5269012451172,76.07763671875,29.31167984008789,35.299400329589844,133.57513427734375,243.89785766601562,371.9235534667969,443.01953125,514.1155395507812,499.8524475097656,443.3597412109375,330.3742980957031,243.04290771484375,199.30047607421875,169.5511474609375,144.2469482421875,119.56004333496094,101.43418884277344,83.3941650390625,60.6540412902832,44.82148742675781
standard_height,23.311224317527007,21.627366674328268,19.312405402539174,17.659952538528085,15.788845929720818,14.55200350500616,13.501714709781766,12.58483772014436,11.768573960438642,11.031162002595584,10.357375151717509,9.159028242671463,8.112900062019325,7.181568453172953,6.340204302290991,5.571434423209202,4.862596384290676,4.204157802769398,3.588751462706507,3.010558025783667,2.464895554945448,2.2030401123457213,1.947937573358983,1.6992107001633152,1.4565139962849931,1.2195301902939262
2004-03-22 07:00:00,120.81830596923828,62.108055114746094,24.083086013793945,43.191131591796875,143.514892578125,255.52804565429688,385.962646484375,491.2681884765625,515.808837890625,499.71685791015625,463.88946533203125,318.85418701171875,233.50308227539062,208.45774841308594,183.41241455078125,164.1171417236328,141.85809326171875,122.3655014038086,99.4066162109375,76.4477310180664,53.48884963989258,48.265804290771484,45.49174499511719,44.639808654785156,45.340824127197266,46.827091217041016
standard_height,23.311224317527007,21.627366674328268,19.312405402539174,17.659952538528085,15.788845929720818,14.55200350500616,13.501714709781766,12.58483772014436,11.768573960438642,11.031162002595584,10.357375151717509,9.159028242671463,8.112900062019325,7.181568453172953,6.340204302290991,5.571434423209202,4.862596384290676,4.204157802769398,3.588751462706507,3.010558025783667,2.464895554945448,2.2030401123457213,1.947937573358983,1.6992107001633152,1.4565139962849931,1.2195301902939262
2004-03-22 08:00:00,134.83009338378906,67.7469482421875,22.122486114501953,36.334442138671875,123.11554718017578,232.06912231445312,353.85125732421875,454.1091613769531,476.6414794921875,458.4000244140625,424.9831237792969,298.2170104980469,217.39016723632812,192.48046875,167.5707550048828,151.0312042236328,130.1877899169922,111.0519790649414,88.56904602050781,68.61280059814453,48.65655517578125,44.13189697265625,41.95783233642578,41.600711822509766,42.45756530761719,43.31441879272461
standard_height,23.311224317527007,21.627366674328268,19.312405402539174,17.659952538528085,15.788845929720818,14.55200350500616,13.501714709781766,12.58483772014436,11.768573960438642,11.031162002595584,10.357375151717509,9.159028242671463,8.112900062019325,7.181568453172953,6.340204302290991,5.571434423209202,4.862596384290676,4.204157802769398,3.588751462706507,3.010558025783667,2.464895554945448,2.2030401123457213,1.947937573358983,1.6992107001633152,1.4565139962849931,1.2195301902939262,0.9879671974242984
2004-03-22 09:00:00,121.12190246582031,57.92110824584961,19.35245132446289,40.320533752441406,122.07777404785156,238.67636108398438,355.3228454589844,458.8756103515625,471.7396240234375,436.06622314453125,400.3927917480469,281.1707458496094,202.42721557617188,171.75564575195312,156.0598907470703,141.69776916503906,119.43689727783203,98.95292663574219,78.61299133300781,59.14647674560547,46.234230041503906,43.77408218383789,41.313934326171875,38.85378646850586,37.757652282714844,36.66151809692383,35.374671936035156
standard_height,23.311224317527007,21.627366674328268,19.312405402539174,17.659952538528085,15.788845929720818,14.55200350500616,13.501714709781766,12.58483772014436,11.768573960438642,11.031162002595584,10.357375151717509,9.159028242671463,8.112900062019325,7.181568453172953,6.340204302290991,5.571434423209202,4.862596384290676,4.204157802769398,3.588751462706507,3.010558025783667,2.464895554945448,2.2030401123457213,1.947937573358983,1.6992107001633152,1.4565139962849931,1.2195301902939262,0.9879671974242984,0.7615554828072778
2004-03-22 10:00:00,95.5918960571289,42.42906188964844,16.515506744384766,42.58798599243164,121.65967559814453,236.41644287109375,350.1918029785156,454.2386779785156,484.433837890625,459.98748779296875,408.4259033203125,272.6678161621094,188.58709716796875,156.9412384033203,144.5460205078125,132.15081787109375,113.4300308227539,95.3823013305664,78.05740356445312,61.2588005065918,50.372623443603516,48.2099609375,46.04730224609375,45.525856018066406,45.27750778198242,44.81446838378906,43.9986686706543,43.18286895751953
standard_height,23.311224317527007,21.627366674328268,19.312405402539174,17.659952538528085,15.788845929720818,14.55200350500616,13.501714709781766,12.58483772014436,11.768573960438642,11.031162002595584,10.357375151717509,9.159028242671463,8.112900062019325,7.181568453172953,6.340204302290991,5.571434423209202,4.862596384290676,4.204157802769398,3.588751462706507,3.010558025783667,2.464895554945448,2.2030401123457213,1.947937573358983,1.6992107001633152,1.4565139962849931,1.2195301902939262,0.9879671974242984,0.7615554828072778,0.5400457639046174,0.3232070008045167
2004-03-22 11:00:00,109.7384033203125,52.12995910644531,16.3439998626709,31.94284439086914,97.14100646972656,200.9425506591797,299.7440185546875,384.6856689453125,421.18292236328125,403.73187255859375,355.0666198730469,233.3184051513672,162.18955993652344,138.376708984375,129.02268981933594,118.03868103027344,102.13025665283203,84.9919662475586,67.14286041259766,55.16835021972656,43.193843841552734,40.71383285522461,40.44427490234375,40.17471694946289,41.46293640136719,43.44163513183594,43.29367446899414,43.145713806152344,42.99775695800781,42.849796295166016
standard_height,23.311224317527007,21.627366674328268,19.312405402539174,17.659952538528085,15.788845929720818,14.55200350500616,13.501714709781766,12.58483772014436,11.768573960438642,11.031162002595584,10.357375151717509,9.159028242671463,8.112900062019325,7.181568453172953,6.340204302290991,5.571434423209202,4.862596384290676,4.204157802769398,3.588751462706507,3.010558025783667,2.464895554945448,2.2030401123457213,1.947937573358983,1.6992107001633152,1.4565139962849931,1.2195301902939262,0.9879671974242984,0.7615554828072778,0.5400457639046174,0.3232070008045167
2004-03-22 12:00:00,92.50767517089844,45.91278839111328,19.225717544555664,52.71712875366211,136.26083374023438,268.4642333984375,390.04547119140625,511.44232177734375,563.4862670898438,530.0218505859375,455.6751403808594,306.98175048828125,228.98458862304688,183.63865661621094,167.25933837890625,150.88003540039062,130.0247344970703,110.48943328857422,90.88577270507812,75.96744537353516,66.51809692382812,62.74823760986328,59.44070053100586,56.307342529296875,52.96853256225586,49.629722595214844,45.593544006347656,41.55736541748047,35.81340026855469,32.253334045410156
standard_height,23.311224317527007,21.627366674328268,19.312405402539174,17.659952538528085,15.788845929720818,14.55200350500616,13.501714709781766,12.58483772014436,11.768573960438642,11.031162002595584,10.357375151717509,9.159028242671463,8.112900062019325,7.181568453172953,6.340204302290991,5.571434423209202,4.862596384290676,4.204157802769398,3.588751462706507,3.010558025783667,2.464895554945448,2.2030401123457213,1.947937573358983,1.6992107001633152,1.4565139962849931,1.2195301902939262,0.9879671974242984,0.7615554828072778
2004-03-22 13:00:00,110.7367172241211,55.03076171875,25.06623649597168,45.792118072509766,126.92031860351562,229.06256103515625,318.18572998046875,402.6605529785156,440.5060119628906,404.984619140625,337.34185791015625,226.55580139160156,169.96395874023438,143.3856658935547,134.64431762695312,126.87702941894531,109.76713562011719,91.2809066772461,72.34384155273438,58.91141891479492,50.375362396240234,48.1859016418457,47.142242431640625,46.860408782958984,47.22560501098633,48.54806900024414,49.148536682128906,49.749000549316406
standard_height,23.311224317527007,21.627366674328268,19.312405402539174,17.659952538528085,15.788845929720818,14.55200350500616,13.501714709781766,12.58483772014436,11.768573960438642,11.031162002595584,10.357375151717509,9.159028242671463,8.112900062019325,7.181568453172953,6.340204302290991,5.571434423209202,4.862596384290676,4.204157802769398,3.588751462706507,3.010558025783667,2.464895554945448,2.2030401123457213,1.947937573358983,1.6992107001633152,1.4565139962849931,1.2195301902939262,0.9879671974242984,0.7615554828072778,0.5400457639046174
2004-03-22 14:00:00,113.7177505493164,57.09043502807617,27.153770446777344,45.90679168701172,132.94898986816406,244.5707550048828,341.8928527832031,437.6465148925781,485.9378356933594,447.8330993652344,371.7576599121094,250.66256713867188,188.9814453125,153.9181671142578,136.878173828125,127.75675201416016,110.15052795410156,93.11869812011719,75.57576751708984,62.55415725708008,53.8245849609375,51.11069107055664,49.38470458984375,47.658714294433594,45.959434509277344,44.92087936401367,44.06786346435547,43.21484375,40.170326232910156
standard_height,23.311224317527007,21.627366674328268,19.312405402539174,17.659952538528085,15.788845929720818,14.55200350500616,13.501714709781766,12.58483772014436,11.768573960438642,11.031162002595584,10.357375151717509,9.159028242671463,8.112900062019325,7.181568453172953,6.340204302290991,5.571434423209202,4.862596384290676,4.204157802769398,3.588751462706507,3.010558025783667,2.464895554945448,2.2030401123457213,1.947937573358983,1.6992107001633152,1.4565139962849931,1.2195301902939262,0.9879671974242984,0.7615554828072778,0.5400457639046174,0.3232070008045167
2004-03-22 15:00:00,111.958740234375,54.69657897949219,27.397844314575195,39.42851638793945,126.31124877929688,234.74472045898438,329.14288330078125,429.5071105957031,483.489990234375,448.6105651855469,371.4165954589844,242.61724853515625,176.35916137695312,142.0019989013672,127.84635925292969,113.69071960449219,97.77644348144531,80.55941009521484,64.73662567138672,54.50243377685547,48.13982391357422,46.28602600097656,45.455421447753906,44.624820709228516,44.26643371582031,44.99977493286133,45.89971923828125,46.79966354370117,45.95210266113281,45.10454177856445
standard_height,23.311224317527007,21.627366674328268,19.312405402539174,17.659952538528085,15.788845929720818,14.55200350500616,13.501714709781766,12.58483772014436,11.768573960438642,11.031162002595584,10.357375151717509,9.159028242671463,8.112900062019325,7.181568453172953,6.340204302290991,5.571434423209202,4.862596384290676,4.204157802769398,3.588751462706507,3.010558025783667,2.464895554945448,2.2030401123457213,1.947937573358983,1.6992107001633152,1.4565139962849931,1.2195301902939262,0.9879671974242984,0.7615554828072778,0.5400457639046174
2004-03-22 16:00:00,97.84151458740234,46.840660095214844,30.397705078125,44.707847595214844,148.17897033691406,260.2055969238281,353.31048583984375,450.1634216308594,498.123779296875,458.2228698730469,377.9364013671875,245.7680206298828,177.6535186767578,144.45143127441406,121.97315979003906,109.761474609375,93.75273895263672,78.4285659790039,64.56285858154297,56.5495719909668,48.536285400390625,47.133113861083984,46.118492126464844,44.81576156616211,43.80172348022461,44.16813278198242,45.62793731689453,46.42495346069336,45.25138473510742
standard_height,23.311224317527007,21.627366674328268,19.312405402539174,17.659952538528085,15.788845929720818,14.55200350500616,13.501714709781766,12.58483772014436,11.768573960438642,11.031162002595584,10.357375151717509,9.159028242671463,8.112900062019325,7.181568453172953,6.340204302290991,5.571434423209202,4.862596384290676,4.204157802769398,3.588751462706507,3.010558025783667,2.464895554945448,2.2030401123457213,1.947937573358983,1.6992107001633152,1.4565139962849931,1.2195301902939262,0.9879671974242984,0.7615554828072778,0.5400457639046174
2004-03-22 17:00:00,91.2789306640625,45.49496078491211,34.43373489379883,46.60624694824219,158.7279510498047,268.3763732910156,357.893310546875,443.41748046875,479.25274658203125,435.8715515136719,359.46063232421875,238.71343994140625,175.12881469726562,143.51776123046875,119.18387603759766,104.26406860351562,88.54656982421875,73.79220581054688,61.88317108154297,52.492435455322266,46.76578140258789,45.85431671142578,45.30997848510742,44.29393005371094,43.5323600769043,44.08934783935547,45.71245574951172,46.071144104003906,46.429832458496094
standard_height,23.311224317527007,21.627366674328268,19.312405402539174,17.659952538528085,15.788845929720818,14.55200350500616,13.501714709781766,12.58483772014436,11.768573960438642,11.031162002595584,10.357375151717509,9.159028242671463,8.112900062019325,7.181568453172953,6.340204302290991,5.571434423209202,4.862596384290676,4.204157802769398,3.588751462706507,3.010558025783667,2.464895554945448,2.2030401123457213,1.947937573358983,1.6992107001633152,1.4565139962849931,1.2195301902939262,0.9879671974242984,0.7615554828072778,0.5400457639046174
2004-03-22 18:00:00,84.72554779052734,40.493412017822266,35.729835510253906,45.8255729675293,171.24305725097656,294.5176086425781,400.83514404296875,511.9467468261719,566.0026245117188,524.6795043945312,437.5361633300781,287.636962890625,200.11117553710938,168.46282958984375,136.81448364257812,105.16614532470703,90.1010971069336,77.05742645263672,66.43172454833984,56.40705871582031,49.55600357055664,48.06645584106445,46.66967010498047,44.646827697753906,42.91253662109375,42.76061248779297,44.53117370605469,46.301734924316406,45.65338897705078
standard_height,23.311224317527007,21.627366674328268,19.312405402539174,17.659952538528085,15.788845929720818,14.55200350500616,13.501714709781766,12.58483772014436,11.768573960438642,11.031162002595584,10.357375151717509,9.159028242671463,8.112900062019325,7.181568453172953,6.340204302290991,5.571434423209202,4.862596384290676,4.204157802769398,3.588751462706507,3.010558025783667,2.464895554945448,2.2030401123457213,1.947937573358983,1.6992107001633152,1.4565139962849931,1.2195301902939262,0.9879671974242984,0.7615554828072778,0.5400457639046174,0.3232070008045167
2004-03-22 19:00:00,82.42630767822266,40.78799819946289,40.942935943603516,50.29609680175781,189.2672119140625,319.97332763671875,432.9216003417969,519.0390625,605.1565551757812,556.77001953125,468.32110595703125,316.2519836425781,218.33792114257812,174.4410400390625,130.54415893554688,109.50882720947266,94.28564453125,81.12043762207031,70.25580596923828,58.825965881347656,49.55837631225586,47.34200668334961,45.18646240234375,42.494014739990234,40.08625793457031,39.21474075317383,40.98088073730469,41.352516174316406,41.72415542602539,41.15629577636719
standard_height,23.311224317527007,21.627366674328268,19.312405402539174,17.659952538528085,15.788845929720818,14.55200350500616,13.501714709781766,12.58483772014436,11.768573960438642,11.031162002595584,10.357375151717509,9.159028242671463,8.112900062019325,7.181568453172953,6.340204302290991,5.571434423209202,4.862596384290676,4.204157802769398,3.588751462706507,3.010558025783667,2.464895554945448,2.2030401123457213,1.947937573358983,1.6992107001633152,1.4565139962849931,1.2195301902939262,0.9879671974242984,0.7615554828072778,0.5400457639046174,0.3232070008045167
2004-03-22 20:00:00,88.03589630126953,52.353450775146484,42.41487121582031,46.963382720947266,175.41285705566406,289.4512939453125,382.0124816894531,470.01934814453125,511.20947265625,466.1919860839844,384.2152099609375,251.49192810058594,176.82772827148438,134.8226776123047,103.52496337890625,83.74716186523438,70.87357330322266,59.73361587524414,52.572265625,46.77165222167969,40.97104263305664,40.74711608886719,41.37713623046875,41.85443878173828,42.2833251953125,43.82664489746094,47.9587287902832,51.61310958862305,52.97506332397461,54.15346145629883
standard_height,23.311224317527007,21.627366674328268,19.312405402539174,17.659952538528085,15.788845929720818,14.55200350500616,13.501714709781766,12.58483772014436,11.768573960438642,11.031162002595584,10.357375151717509,9.159028242671463,8.112900062019325,7.181568453172953,6.340204302290991,5.571434423209202,4.862596384290676,4.204157802769398,3.588751462706507,3.010558025783667,2.464895554945448,2.2030401123457213,1.947937573358983,1.6992107001633152,1.4565139962849931,1.2195301902939262,0.9879671974242984,0.7615554828072778,0.5400457639046174,0.3232070008045167
2004-03-22 21:00:00,88.47138214111328,59.10377883911133,46.19949722290039,45.722862243652344,175.318359375,293.23736572265625,395.4068298339844,504.1325378417969,558.8485717773438,515.851806640625,435.3815612792969,295.793701171875,209.8579559326172,151.78579711914062,112.10025787353516,88.8769302368164,73.85435485839844,61.942657470703125,52.969661712646484,45.299896240234375,37.906192779541016,36.39807891845703,36.183021545410156,35.967960357666016,36.256011962890625,37.83125686645508,42.4730339050293,46.28630447387695,47.643394470214844,49.00048065185547
standard_height,23.311224317527007,21.627366674328268,19.312405402539174,17.659952538528085,15.788845929720818,14.55200350500616,13.501714709781766,12.58483772014436,11.768573960438642,11.031162002595584,10.357375151717509,9.159028242671463,8.112900062019325,7.181568453172953,6.340204302290991,5.571434423209202,4.862596384290676,4.204157802769398,3.588751462706507,3.010558025783667,2.464895554945448,2.2030401123457213,1.947937573358983,1.6992107001633152,1.4565139962849931,1.2195301902939262,0.9879671974242984,0.7615554828072778,0.5400457639046174,0.3232070008045167
2004-03-22 22:00:00,86.29667663574219,60.69065475463867,41.03517532348633,36.43211364746094,148.88282775878906,255.44778442382812,346.56988525390625,446.57958984375,492.4750671386719,449.1089172363281,371.8285827636719,239.5911865234375,164.7869873046875,115.2542724609375,81.20331573486328,62.53738784790039,50.41273498535156,41.04005432128906,36.01436996459961,32.63615798950195,29.257944107055664,28.35601806640625,28.67595100402832,28.99588394165039,30.000064849853516,31.908674240112305,36.67551803588867,41.442359924316406,43.959171295166016,45.46316909790039
standard_height,23.311224317527007,21.627366674328268,19.312405402539174,17.659952538528085,15.788845929720818,14.55200350500616,13.501714709781766,12.58483772014436,11.768573960438642,11.031162002595584,10.357375151717509,9.159028242671463,8.112900062019325,7.181568453172953,6.340204302290991,5.571434423209202,4.862596384290676,4.204157802769398,3.588751462706507,3.010558025783667,2.464895554945448,2.2030401123457213,1.947937573358983,1.6992107001633152,1.4565139962849931,1.2195301902939262,0.9879671974242984,0.7615554828072778
2004-03-22 23:00:00,89.46931457519531,57.895172119140625,37.575889587402344,40.15611267089844,153.88760375976562,259.3203125,347.1384582519531,444.8934020996094,495.6760559082031,438.6494140625,381.62274169921875,245.21060180664062,172.21627807617188,120.68553161621094,83.41374206542969,63.71235656738281,51.29220199584961,41.7685661315918,36.677181243896484,32.31437683105469,27.951570510864258,26.650205612182617,27.04645347595215,27.44270133972168,28.858196258544922,31.527036666870117,37.4419059753418,43.17127227783203
standard_height,23.311224317527007,21.627366674328268,19.312405402539174,17.659952538528085,15.788845929720818,14.55200350500616,13.501714709781766,12.58483772014436,11.768573960438642,11.031162002595584,10.357375151717509,9.159028242671463,8.112900062019325,7.181568453172953,6.340204302290991,5.571434423209202,4.862596384290676,4.204157802769398,3.588751462706507,3.010558025783667,2.464895554945448,2.2030401123457213,1.947937573358983,1.6992107001633152,1.4565139962849931,1.2195301902939262,0.9879671974242984,0.7615554828072778,0.5400457639046174,0.3232070008045167
2004-03-23 00:00:00,102.09877014160156,58.61832046508789,34.45827102661133,38.44314193725586,147.97723388671875,254.70645141601562,344.8401794433594,453.6327209472656,516.0238037109375,483.34674072265625,408.8995361328125,263.2220153808594,205.24317932128906,147.26434326171875,89.2854995727539,66.11115264892578,51.69284439086914,41.61613082885742,35.89252471923828,31.430335998535156,26.026443481445312,24.201658248901367,23.522510528564453,23.823410034179688,24.722726821899414,27.402481079101562,32.521907806396484,37.64133834838867,42.760765075683594,44.89014434814453
